{
    "lowlevel": {
        "average_loudness": 0.904448390007,
        "barkbands": {
            "dmean": [
                0.000491522543598,
                0.00335070048459,
                0.00140833843034,
                0.000540610868484,
                0.00178791990038,
                0.00105988990981,
                0.00219182902947,
                0.00123946601525,
                0.00132215605117,
                0.000523885944858,
                0.000534306222107,
                0.000554486527108,
                0.000649319437798,
                0.000468949816423,
                0.000420967553509,
                0.000253722100751,
                0.000247690390097,
                0.000239901812165,
                0.000178352303919,
                0.000173226479092,
                0.000327246147208,
                0.00037531540147,
                0.00014022619871,
                8.27815674711e-05,
                4.22866178269e-05,
                1.18118659884e-05,
                3.55739814495e-07
            ],
            "dmean2": [
                0.000778630026616,
                0.00484044384211,
                0.00243328558281,
                0.000905441527721,
                0.00291094300337,
                0.0016556722112,
                0.00346872326918,
                0.00198797299527,
                0.00199323147535,
                0.000789902929682,
                0.000863730732817,
                0.000882240012288,
                0.00106092565693,
                0.000742661126424,
                0.000686438987032,
                0.000391726091038,
                0.000400994264055,
                0.000390652596252,
                0.000289373390842,
                0.000287250819383,
                0.000560344255064,
                0.000661698111799,
                0.000238800566876,
                0.000135298934765,
                6.71251618769e-05,
                1.80226743396e-05,
                5.85692475852e-07
            ],
            "dvar": [
                1.2846384152e-06,
                0.000174390224856,
                6.72908572596e-05,
                3.02362377624e-06,
                1.03576539914e-05,
                5.6560147641e-06,
                2.90742063953e-05,
                1.21243720059e-05,
                1.19017231555e-05,
                3.05770458908e-06,
                4.017106221e-06,
                2.76105424746e-06,
                4.3398786147e-06,
                1.82869598575e-06,
                1.17536831112e-06,
                5.3777193898e-07,
                4.05358093758e-07,
                2.8735243518e-07,
                1.77066098672e-07,
                1.82127195103e-07,
                6.59153556626e-07,
                6.35665287518e-07,
                6.94543658142e-08,
                2.75747638057e-08,
                1.15251008737e-08,
                1.95048910356e-09,
                7.15434872803e-13
            ],
            "dvar2": [
                3.42058478964e-06,
                0.00030252232682,
                0.000194250620552,
                8.71241900313e-06,
                2.52877343883e-05,
                1.35277850859e-05,
                6.73466493026e-05,
                2.96394664474e-05,
                2.66345268756e-05,
                6.69230530548e-06,
                1.05069902929e-05,
                6.77142634231e-06,
                1.07561227196e-05,
                4.52574522569e-06,
                2.83881536234e-06,
                1.29575869323e-06,
                9.32721036406e-07,
                7.20515686226e-07,
                4.38780972445e-07,
                4.65573748443e-07,
                1.72615602878e-06,
                1.66075699326e-06,
                1.74334445546e-07,
                6.45509246056e-08,
                2.48982754414e-08,
                3.71927244558e-09,
                1.73088941183e-12
            ],
            "max": [
                0.0169809740037,
                0.238456949592,
                0.141051918268,
                0.0373258404434,
                0.0554126091301,
                0.0634028315544,
                0.103044867516,
                0.0665348395705,
                0.0624912083149,
                0.0353789925575,
                0.0507708527148,
                0.0368082113564,
                0.0437318682671,
                0.0448149070144,
                0.0209681298584,
                0.0185660943389,
                0.0194145906717,
                0.00933923199773,
                0.00625188928097,
                0.00356761086732,
                0.00721159670502,
                0.00611122744158,
                0.00256753037684,
                0.00329985981807,
                0.00343409366906,
                0.00196066731587,
                1.96986748051e-05
            ],
            "mean": [
                0.00206746347249,
                0.0101174553856,
                0.00168977689464,
                0.00080920336768,
                0.00305294618011,
                0.00174829119351,
                0.00293835112825,
                0.00156579469331,
                0.00185748422518,
                0.000649610999972,
                0.000654231931549,
                0.000666809326503,
                0.000724304583855,
                0.00057803792879,
                0.000447910453659,
                0.000281048036413,
                0.000271798897302,
                0.000256717990851,
                0.000185639990377,
                0.000154404027853,
                0.000252967729466,
                0.000267913390417,
                0.000117718147521,
                8.05938107078e-05,
                4.5624528866e-05,
                1.5351222828e-05,
                5.67686242903e-07
            ],
            "median": [
                0.00130271003582,
                0.00755570176989,
                0.000630489841569,
                0.00037963167415,
                0.00131865451112,
                0.000645384192467,
                0.000795206462499,
                0.000314767996315,
                0.000359279394615,
                0.000105464081571,
                0.000165070057847,
                0.000113768248411,
                0.000113003661681,
                0.000101338882814,
                7.87392127677e-05,
                3.93698755943e-05,
                5.39806896995e-05,
                5.58471183467e-05,
                3.16173791362e-05,
                2.09469326364e-05,
                1.46232305269e-05,
                1.92881852854e-05,
                1.228657311e-05,
                1.22948476928e-05,
                7.26163079889e-06,
                2.71939666163e-06,
                3.72844262131e-08
            ],
            "min": [
                7.96464498828e-24,
                2.71189521733e-23,
                1.85095640674e-23,
                4.7845234317e-23,
                6.14328206731e-23,
                2.81337270645e-23,
                7.53004526506e-23,
                3.1406474302e-23,
                2.65504264298e-23,
                1.21066470502e-22,
                2.91483788935e-23,
                6.35490063157e-23,
                4.85432468449e-23,
                6.77652848384e-23,
                1.44666588701e-22,
                1.18592110455e-22,
                1.14765049592e-22,
                1.41471689413e-22,
                1.72626608594e-22,
                3.63119212752e-22,
                4.52182240041e-22,
                5.13021162048e-22,
                5.37807247421e-22,
                8.82956032047e-22,
                1.28890753943e-21,
                1.49384294983e-21,
                2.18847150429e-21
            ],
            "var": [
                5.96325708102e-06,
                0.000383742590202,
                4.08775231335e-05,
                2.38185725721e-06,
                2.07246703212e-05,
                1.0224770449e-05,
                4.13349589508e-05,
                1.45823169078e-05,
                1.86407014553e-05,
                4.18968238591e-06,
                3.58912211595e-06,
                3.44803561347e-06,
                4.53804750578e-06,
                2.09268796425e-06,
                1.30029570755e-06,
                6.21897754627e-07,
                4.66215453798e-07,
                2.94914570986e-07,
                1.79485752483e-07,
                1.56858931177e-07,
                4.90290631205e-07,
                4.73125481903e-07,
                6.45038369385e-08,
                3.24312239286e-08,
                1.63151394617e-08,
                3.14794501577e-09,
                1.4603525637e-12
            ]
        },
        "barkbands_crest": {
            "dmean": 2.76451063156,
            "dmean2": 4.31530714035,
            "dvar": 6.36536693573,
            "dvar2": 15.1778793335,
            "max": 26.3269767761,
            "mean": 11.3814935684,
            "median": 10.6405649185,
            "min": 2.40894651413,
            "var": 19.8343677521
        },
        "barkbands_flatness_db": {
            "dmean": 0.0343934483826,
            "dmean2": 0.0497541949153,
            "dvar": 0.0013375984272,
            "dvar2": 0.002610062249,
            "max": 0.65165835619,
            "mean": 0.183325022459,
            "median": 0.175308331847,
            "min": 0.0206666067243,
            "var": 0.00524346670136
        },
        "barkbands_kurtosis": {
            "dmean": 7.35668039322,
            "dmean2": 11.8508176804,
            "dvar": 1155.24365234,
            "dvar2": 3299.19921875,
            "max": 1724.15515137,
            "mean": 9.30602264404,
            "median": 2.71158480644,
            "min": -1.89526152611,
            "var": 951.034851074
        },
        "barkbands_skewness": {
            "dmean": 0.888399422169,
            "dmean2": 1.33709108829,
            "dvar": 1.32208859921,
            "dvar2": 3.11256241798,
            "max": 23.1464653015,
            "mean": 1.70653676987,
            "median": 1.36231446266,
            "min": -7.76011657715,
            "var": 3.63897371292
        },
        "barkbands_spread": {
            "dmean": 9.4781999588,
            "dmean2": 15.1203126907,
            "dvar": 174.265396118,
            "dvar2": 413.432281494,
            "max": 103.479278564,
            "mean": 18.3871269226,
            "median": 13.0509471893,
            "min": 0.0534486584365,
            "var": 258.329589844
        },
        "dissonance": {
            "dmean": 0.033094316721,
            "dmean2": 0.0533626377583,
            "dvar": 0.00113264389802,
            "dvar2": 0.00279862177558,
            "max": 0.500000119209,
            "mean": 0.43867841363,
            "median": 0.453394979239,
            "min": 0.0772214159369,
            "var": 0.00285506225191
        },
        "dynamic_complexity": 4.05292749405,
        "erbbands": {
            "dmean": [
                0.148185774684,
                0.704533100128,
                1.57706570625,
                1.61853134632,
                2.9273250103,
                8.41326904297,
                6.78447818756,
                10.2909765244,
                24.7835102081,
                35.3970794678,
                24.9376506805,
                29.089094162,
                18.5500946045,
                18.1817989349,
                21.3315258026,
                21.1407966614,
                27.939447403,
                25.3478965759,
                22.0126419067,
                16.5284671783,
                13.5859918594,
                14.7001314163,
                14.4412899017,
                8.31956100464,
                9.28642463684,
                8.47186565399,
                11.7488002777,
                14.5578327179,
                13.2541284561,
                7.88212680817,
                3.62854862213,
                2.21461343765,
                1.06040561199,
                0.587018072605,
                0.244994625449,
                0.0772967785597,
                0.0170699618757,
                0.00212367996573,
                4.88685218443e-05,
                1.34038582473e-05
            ],
            "dmean2": [
                0.204204961658,
                0.991398334503,
                2.66676211357,
                2.73395705223,
                4.813829422,
                13.7526302338,
                10.7605886459,
                16.1681022644,
                39.5104179382,
                56.1707267761,
                38.2794952393,
                43.6397094727,
                27.5717506409,
                27.6070480347,
                34.9354133606,
                33.1501541138,
                44.8015098572,
                39.5721054077,
                35.1855812073,
                26.0253639221,
                20.890378952,
                23.5014343262,
                23.6074428558,
                13.1187372208,
                15.193397522,
                14.0463733673,
                19.5719966888,
                25.5371990204,
                23.3929195404,
                13.7390947342,
                6.25064659119,
                3.66078233719,
                1.70876085758,
                0.939508914948,
                0.389107495546,
                0.117195159197,
                0.0264793578535,
                0.00329418899491,
                7.52099294914e-05,
                2.02032588277e-05
            ],
            "dvar": [
                0.227359473705,
                9.74431800842,
                86.9504089355,
                49.8700523376,
                25.4012031555,
                282.103607178,
                235.297454834,
                548.25378418,
                3800.69799805,
                10542.2578125,
                3360.06738281,
                6757.04443359,
                3472.29199219,
                3469.29296875,
                8246.42285156,
                3659.57958984,
                8584.91601563,
                5236.05859375,
                3028.94262695,
                1892.02697754,
                1696.84082031,
                1249.65344238,
                1102.03527832,
                370.378631592,
                473.661682129,
                464.097473145,
                836.823852539,
                1108.12536621,
                759.081542969,
                268.033325195,
                48.8198509216,
                20.6354694366,
                4.76122379303,
                1.82330453396,
                0.505092859268,
                0.100686080754,
                0.00292407278903,
                3.73301772925e-05,
                1.66306968197e-08,
                4.61941457308e-10
            ],
            "dvar2": [
                0.395699322224,
                18.5041294098,
                242.63722229,
                143.384933472,
                67.9472503662,
                676.56439209,
                564.089477539,
                1356.18969727,
                8804.83789063,
                25284.5585938,
                7626.15869141,
                15383.6464844,
                7529.79296875,
                7989.78564453,
                21831.234375,
                8523.47949219,
                20909.1640625,
                12612.1171875,
                7394.2734375,
                4552.43603516,
                4082.48779297,
                2983.20092773,
                2746.31469727,
                925.915649414,
                1189.38415527,
                1196.32165527,
                2096.56518555,
                2947.49926758,
                1960.56738281,
                707.682556152,
                122.384040833,
                48.8347320557,
                10.9377632141,
                4.01145172119,
                1.08266937733,
                0.196919724345,
                0.00562720419839,
                7.43997079553e-05,
                3.34386420775e-08,
                9.20145903915e-10
            ],
            "max": [
                9.3180103302,
                60.4008979797,
                156.187164307,
                135.627349854,
                70.1814346313,
                307.125518799,
                365.08303833,
                579.537536621,
                1344.51757813,
                2134.54199219,
                1022.55981445,
                1542.22216797,
                1600.67419434,
                1960.92248535,
                2312.76782227,
                1343.13964844,
                2235.28320313,
                2604.1875,
                1235.01721191,
                911.574157715,
                1468.58874512,
                868.007202148,
                664.797424316,
                376.847503662,
                334.848907471,
                165.610153198,
                272.878601074,
                277.238098145,
                208.124389648,
                139.208557129,
                84.3309173584,
                106.006828308,
                52.4694671631,
                31.2238464355,
                25.3568630219,
                13.2143611908,
                2.41750216484,
                0.211090490222,
                0.0045689214021,
                0.000322679436067
            ],
            "mean": [
                0.447917997837,
                1.62939453125,
                2.21257352829,
                2.42293906212,
                5.12661457062,
                13.0423526764,
                11.1366481781,
                16.6724700928,
                34.4608383179,
                44.3165092468,
                36.7003707886,
                40.9466743469,
                25.7225399017,
                25.5313720703,
                24.3944015503,
                27.1554317474,
                33.1290855408,
                32.403465271,
                24.7819728851,
                19.1163654327,
                15.7165393829,
                16.3722858429,
                15.5047664642,
                9.19117546082,
                9.44462394714,
                7.36242437363,
                9.54441547394,
                10.7152748108,
                9.53717517853,
                5.96863746643,
                3.07462263107,
                2.08203840256,
                1.07504570484,
                0.612210273743,
                0.265344649553,
                0.0927044823766,
                0.0230206549168,
                0.0034137761686,
                8.83168468135e-05,
                4.00336466555e-05
            ],
            "median": [
                0.268617421389,
                0.976544082165,
                0.918048024178,
                1.31967616081,
                2.8003282547,
                3.95871114731,
                4.56201410294,
                6.15623903275,
                9.83117294312,
                12.2946491241,
                10.0982160568,
                8.02824687958,
                4.50326251984,
                7.44091033936,
                4.82754087448,
                4.87366104126,
                5.98032283783,
                6.08460664749,
                4.36214923859,
                3.65823411942,
                2.57422852516,
                3.46484780312,
                3.3526031971,
                1.96437144279,
                1.84288096428,
                0.902028858662,
                0.621957302094,
                0.591800391674,
                0.669137477875,
                0.561302065849,
                0.343368440866,
                0.285589963198,
                0.173953399062,
                0.0838028043509,
                0.0468922480941,
                0.0160443559289,
                0.00398530019447,
                0.000474993255921,
                3.15824472636e-05,
                3.41948325513e-05
            ],
            "min": [
                1.04179833762e-21,
                3.86567753537e-21,
                1.81013468253e-20,
                8.77886848726e-20,
                2.29886416926e-19,
                1.6392557439e-19,
                3.46359909522e-19,
                3.15435348731e-19,
                1.29911941206e-18,
                4.28348319928e-19,
                7.56421308209e-19,
                7.12077292943e-19,
                2.50670094958e-18,
                4.24964660085e-18,
                1.59514925872e-18,
                2.68349260754e-18,
                2.56990830173e-18,
                6.55593864521e-18,
                6.72816964286e-18,
                5.14469614189e-18,
                7.53576758159e-18,
                6.13032320078e-18,
                7.99506209825e-18,
                9.4458674095e-18,
                1.02709709715e-17,
                1.73153254405e-17,
                1.60205512082e-17,
                1.67272695081e-17,
                1.94108353211e-17,
                1.59282643216e-17,
                1.52242128519e-17,
                1.78730106094e-17,
                1.32836984201e-17,
                1.18467996693e-17,
                1.05105497739e-17,
                5.62598456386e-18,
                2.64733985169e-18,
                1.36250543522e-18,
                3.41728809615e-19,
                2.81698587115e-20
            ],
            "var": [
                0.522116661072,
                17.5345802307,
                61.1819114685,
                32.7490005493,
                42.6136207581,
                551.345092773,
                370.366210938,
                963.174621582,
                5361.39794922,
                13489.6894531,
                5569.56494141,
                10401.5605469,
                5521.35009766,
                4235.14990234,
                6814.36425781,
                5334.79882813,
                9349.0859375,
                6350.82226563,
                3543.53759766,
                2242.23046875,
                1931.14501953,
                1420.06958008,
                1133.16162109,
                389.579406738,
                453.08807373,
                383.813842773,
                690.754699707,
                791.174804688,
                575.868225098,
                208.12437439,
                44.5491447449,
                23.1599445343,
                5.97096824646,
                2.55514264107,
                0.68586653471,
                0.151215597987,
                0.00492958957329,
                6.70151566737e-05,
                2.99631288669e-08,
                1.19296772461e-09
            ]
        },
        "erbbands_crest": {
            "dmean": 3.38991975784,
            "dmean2": 5.48220968246,
            "dvar": 10.2704143524,
            "dvar2": 24.5629940033,
            "max": 30.5720062256,
            "mean": 10.3525629044,
            "median": 9.35983848572,
            "min": 1.96487653255,
            "var": 25.0688381195
        },
        "erbbands_flatness_db": {
            "dmean": 0.0286336597055,
            "dmean2": 0.0425376035273,
            "dvar": 0.000876720005181,
            "dvar2": 0.00185648666229,
            "max": 0.500865697861,
            "mean": 0.184952229261,
            "median": 0.173743084073,
            "min": 0.0464907512069,
            "var": 0.00462818611413
        },
        "erbbands_kurtosis": {
            "dmean": 2.09249997139,
            "dmean2": 3.41969776154,
            "dvar": 17.2139835358,
            "dvar2": 42.665096283,
            "max": 136.955154419,
            "mean": 1.69134628773,
            "median": 0.491501361132,
            "min": -1.91320407391,
            "var": 20.5671749115
        },
        "erbbands_skewness": {
            "dmean": 0.64781332016,
            "dmean2": 1.02059781551,
            "dvar": 0.498120009899,
            "dvar2": 1.1993521452,
            "max": 7.99410963058,
            "mean": 0.471070349216,
            "median": 0.491959929466,
            "min": -4.70519971848,
            "var": 1.07494652271
        },
        "erbbands_spread": {
            "dmean": 12.5249862671,
            "dmean2": 19.9515037537,
            "dvar": 264.52255249,
            "dvar2": 642.408203125,
            "max": 167.990356445,
            "mean": 32.5546417236,
            "median": 27.8498859406,
            "min": 1.15071487427,
            "var": 478.130859375
        },
        "gfcc": {
            "cov": [
                [
                    17998.1738281,
                    270.625244141,
                    29.1887607574,
                    1894.20043945,
                    -187.496124268,
                    376.065948486,
                    29.6016216278,
                    439.96585083,
                    329.199493408,
                    283.948303223,
                    -248.381698608,
                    208.961624146,
                    258.182830811
                ],
                [
                    270.625244141,
                    2392.96582031,
                    359.886016846,
                    -491.451507568,
                    494.750091553,
                    -252.215560913,
                    33.0215873718,
                    -80.6141738892,
                    188.991226196,
                    -226.401596069,
                    154.613220215,
                    -116.587776184,
                    53.6979789734
                ],
                [
                    29.1887607574,
                    359.886016846,
                    1294.74804688,
                    513.745483398,
                    107.290313721,
                    100.378700256,
                    35.9794845581,
                    100.512771606,
                    22.4973735809,
                    36.24426651,
                    -8.88078212738,
                    10.382900238,
                    129.177566528
                ],
                [
                    1894.20043945,
                    -491.451507568,
                    513.745483398,
                    1295.97668457,
                    46.1998786926,
                    169.870269775,
                    102.416908264,
                    53.3382377625,
                    122.946861267,
                    139.268325806,
                    -76.494644165,
                    66.0662612915,
                    221.520065308
                ],
                [
                    -187.496124268,
                    494.750091553,
                    107.290313721,
                    46.1998786926,
                    639.011108398,
                    66.3714294434,
                    103.972145081,
                    81.6136779785,
                    114.928009033,
                    71.4958953857,
                    48.6908683777,
                    29.1022567749,
                    50.6476325989
                ],
                [
                    376.065948486,
                    -252.215560913,
                    100.378700256,
                    169.870269775,
                    66.3714294434,
                    349.309997559,
                    159.245559692,
                    38.4864006042,
                    35.6273918152,
                    99.8568878174,
                    -1.67600214481,
                    44.1536483765,
                    23.7062931061
                ],
                [
                    29.6016216278,
                    33.0215873718,
                    35.9794845581,
                    102.416908264,
                    103.972145081,
                    159.245559692,
                    356.158050537,
                    51.4834938049,
                    21.4271888733,
                    54.7450904846,
                    24.451051712,
                    60.2307510376,
                    23.6302394867
                ],
                [
                    439.96585083,
                    -80.6141738892,
                    100.512771606,
                    53.3382377625,
                    81.6136779785,
                    38.4864006042,
                    51.4834938049,
                    208.707687378,
                    37.7667427063,
                    37.7983818054,
                    -8.42543697357,
                    27.7775497437,
                    -0.755851626396
                ],
                [
                    329.199493408,
                    188.991226196,
                    22.4973735809,
                    122.946861267,
                    114.928009033,
                    35.6273918152,
                    21.4271888733,
                    37.7667427063,
                    231.661697388,
                    58.2293357849,
                    13.4927225113,
                    0.0982714742422,
                    55.4061012268
                ],
                [
                    283.948303223,
                    -226.401596069,
                    36.24426651,
                    139.268325806,
                    71.4958953857,
                    99.8568878174,
                    54.7450904846,
                    37.7983818054,
                    58.2293357849,
                    191.746566772,
                    8.26772212982,
                    30.7522983551,
                    29.1405639648
                ],
                [
                    -248.381698608,
                    154.613220215,
                    -8.88078212738,
                    -76.494644165,
                    48.6908683777,
                    -1.67600214481,
                    24.451051712,
                    -8.42543697357,
                    13.4927225113,
                    8.26772212982,
                    125.417411804,
                    26.1748027802,
                    -3.96509552002
                ],
                [
                    208.961624146,
                    -116.587776184,
                    10.382900238,
                    66.0662612915,
                    29.1022567749,
                    44.1536483765,
                    60.2307510376,
                    27.7775497437,
                    0.0982714742422,
                    30.7522983551,
                    26.1748027802,
                    122.292724609,
                    19.3177623749
                ],
                [
                    258.182830811,
                    53.6979789734,
                    129.177566528,
                    221.520065308,
                    50.6476325989,
                    23.7062931061,
                    23.6302394867,
                    -0.755851626396,
                    55.4061012268,
                    29.1405639648,
                    -3.96509552002,
                    19.3177623749,
                    143.821838379
                ]
            ],
            "icov": [
                [
                    0.000127553634229,
                    -0.000342582701705,
                    0.000260089727817,
                    -0.00036555348197,
                    0.000307283655275,
                    -0.000296157522826,
                    0.000284068286419,
                    -0.000481930823298,
                    0.000249994802289,
                    -0.000379134347895,
                    0.000339412479661,
                    -0.000368432665709,
                    0.000159115632414
                ],
                [
                    -0.000342582701705,
                    0.00224742898718,
                    -0.00133812928107,
                    0.00164415466134,
                    -0.00173527305014,
                    0.00162633997388,
                    -0.0014487815788,
                    0.00211549154483,
                    -0.00197912426665,
                    0.00254248152487,
                    -0.00180947431363,
                    0.00192332849838,
                    -0.00102339312434
                ],
                [
                    0.000260089727817,
                    -0.00133812928107,
                    0.00185249303468,
                    -0.00142565963324,
                    0.000948057626374,
                    -0.00121531030163,
                    0.00105670408811,
                    -0.00188932463061,
                    0.00148561538663,
                    -0.00129108375404,
                    0.000813603459392,
                    -0.000847567338496,
                    7.31535401428e-05
                ],
                [
                    -0.00036555348197,
                    0.00164415466134,
                    -0.00142565963324,
                    0.00272616860457,
                    -0.00115810579155,
                    0.00105577614158,
                    -0.00126592372544,
                    0.00185368047096,
                    -0.00168231315911,
                    0.00134941062424,
                    -0.000554427038878,
                    0.00106674886774,
                    -0.00220843893476
                ],
                [
                    0.000307283655275,
                    -0.00173527305014,
                    0.000948057626374,
                    -0.00115810579155,
                    0.00329950661398,
                    -0.00128932890948,
                    0.000779855588917,
                    -0.00221781455912,
                    0.000795559783,
                    -0.00227378867567,
                    0.000898066617083,
                    -0.00150595558807,
                    0.000320555787766
                ],
                [
                    -0.000296157522826,
                    0.00162633997388,
                    -0.00121531030163,
                    0.00105577614158,
                    -0.00128932890948,
                    0.00541359279305,
                    -0.00265140645206,
                    0.00179011223372,
                    -0.00155181775335,
                    0.000269982265308,
                    -0.000889818940777,
                    0.000999239389785,
                    -0.000219021152589
                ],
                [
                    0.000284068286419,
                    -0.0014487815788,
                    0.00105670408811,
                    -0.00126592372544,
                    0.000779855588917,
                    -0.00265140645206,
                    0.00487861875445,
                    -0.00202983967029,
                    0.00148173526395,
                    -0.00149377970956,
                    0.000653772207443,
                    -0.00227703875862,
                    0.000437569891801
                ],
                [
                    -0.000481930823298,
                    0.00211549154483,
                    -0.00188932463061,
                    0.00185368047096,
                    -0.00221781455912,
                    0.00179011223372,
                    -0.00202983967029,
                    0.00813686102629,
                    -0.00263525312766,
                    0.00176301028114,
                    -0.000704816717189,
                    0.000690523011144,
                    0.000325163011439
                ],
                [
                    0.000249994802289,
                    -0.00197912426665,
                    0.00148561538663,
                    -0.00168231315911,
                    0.000795559783,
                    -0.00155181775335,
                    0.00148173526395,
                    -0.00263525312766,
                    0.0074388361536,
                    -0.00323706748895,
                    0.000708815583494,
                    -0.000499662884977,
                    -0.000857912120409
                ],
                [
                    -0.000379134347895,
                    0.00254248152487,
                    -0.00129108375404,
                    0.00134941062424,
                    -0.00227378867567,
                    0.000269982265308,
                    -0.00149377970956,
                    0.00176301028114,
                    -0.00323706748895,
                    0.00986446533352,
                    -0.00250596436672,
                    0.00147850229405,
                    -0.00119585788343
                ],
                [
                    0.000339412479661,
                    -0.00180947431363,
                    0.000813603459392,
                    -0.000554427038878,
                    0.000898066617083,
                    -0.000889818940777,
                    0.000653772207443,
                    -0.000704816717189,
                    0.000708815583494,
                    -0.00250596436672,
                    0.0110180797055,
                    -0.00401336979121,
                    0.000986285856925
                ],
                [
                    -0.000368432665709,
                    0.00192332849838,
                    -0.000847567338496,
                    0.00106674886774,
                    -0.00150595558807,
                    0.000999239389785,
                    -0.00227703875862,
                    0.000690523011144,
                    -0.000499662884977,
                    0.00147850229405,
                    -0.00401336979121,
                    0.0119035253301,
                    -0.00201168772765
                ],
                [
                    0.000159115632414,
                    -0.00102339312434,
                    7.31535401428e-05,
                    -0.00220843893476,
                    0.000320555787766,
                    -0.000219021152589,
                    0.000437569891801,
                    0.000325163011439,
                    -0.000857912120409,
                    -0.00119585788343,
                    0.000986285856925,
                    -0.00201168772765,
                    0.0111085576937
                ]
            ],
            "mean": [
                -49.0883140564,
                105.72567749,
                -108.1197052,
                22.8508281708,
                -58.511264801,
                15.440577507,
                -36.6263923645,
                10.171131134,
                -15.4709501266,
                5.38854217529,
                -8.64144325256,
                2.7520635128,
                -12.6655483246
            ]
        },
        "hfc": {
            "dmean": 11.1952753067,
            "dmean2": 17.4428119659,
            "dvar": 281.725189209,
            "dvar2": 645.542907715,
            "max": 139.664459229,
            "mean": 18.6542873383,
            "median": 11.2332038879,
            "min": 1.18214565097e-16,
            "var": 438.953643799
        },
        "melbands": {
            "dmean": [
                0.00107247091364,
                0.000801950925961,
                0.000292965094559,
                0.000393851776607,
                0.000271999160759,
                0.000229295430472,
                0.00039702662616,
                0.000366835563909,
                0.000212490136619,
                0.000182177391252,
                9.23063998925e-05,
                7.29044768377e-05,
                7.06981300027e-05,
                6.27232366242e-05,
                6.36655604467e-05,
                6.47430497338e-05,
                4.66019228043e-05,
                3.59052828571e-05,
                3.12177508022e-05,
                1.78962291102e-05,
                1.62701599038e-05,
                1.57249887707e-05,
                1.46065694935e-05,
                1.03448228401e-05,
                6.50577385386e-06,
                7.6050523603e-06,
                5.70934707866e-06,
