import axios, { AxiosResponse, AxiosError } from 'axios';
import { NextApiRequest, NextApiResponse } from 'next';
import { LowLevelData, RateLimitInfo } from '@/types';

export default async (req: NextApiRequest, res: NextApiResponse) => {
    try {
        const { mbid } = req.query;

        const baseUrl = `https://acousticbrainz.org/api/v1/${mbid}/low-level`;
        // const response: AxiosResponse = await axios.get(baseUrl);
        const response = {"data": {"lowlevel":{"average_loudness":0.954425871372,"barkbands":{"dmean":[0.00150475674309,0.0224989857525,0.005020392593,0.00248961779289,0.00379679049365,0.0018249549903,0.00124808668625,0.000907673093025,0.00120414793491,0.000876438803971,0.000345814332832,0.000337593868608,0.000242548834649,0.000293508754112,0.000242315873038,0.00027112904354,0.000184591583093,0.000138783463626,9.41490216064e-05,9.52045156737e-05,0.000110035849502,7.97901520855e-05,8.5996609414e-05,9.06765562831e-05,8.98024154594e-05,8.59678839333e-05,6.15639000898e-05],"dmean2":[0.00243590842001,0.0369693189859,0.00863013509661,0.00426394864917,0.00602882122621,0.00301383249462,0.00203573121689,0.00149484397843,0.00187830498908,0.00142016552854,0.000578387349378,0.000556960876565,0.000403337820899,0.000498911947943,0.000392656686017,0.000449880259112,0.000297386286547,0.000226124437177,0.000155030356837,0.000158690527314,0.00017740597832,0.000123136604088,0.000130926826387,0.000132999382913,0.00013515909086,0.000131692373543,9.47949956753e-05],"dvar":[6.96573533787e-06,0.00227212510072,0.000126617116621,3.26378103637e-05,4.0574283048e-05,1.23094505398e-05,9.00839495444e-06,7.39107008485e-06,1.12887992145e-05,9.18960176932e-06,1.80206438927e-06,1.16152227747e-06,4.56054976894e-07,7.08821630724e-07,3.23281938108e-07,3.78896373832e-07,1.38796877991e-07,8.44307734837e-08,2.41725945926e-08,4.11620781904e-08,4.66670435628e-08,3.55376528205e-08,4.46254269093e-08,3.85719438611e-08,2.4508080898e-08,3.46471722423e-08,4.1929613559e-08],"dvar2":[1.68177848536e-05,0.00568812992424,0.000347759982105,9.0160574473e-05,9.74317008513e-05,3.28702226398e-05,2.2348955099e-05,1.84422951861e-05,2.72352808679e-05,2.39898272412e-05,5.03706951349e-06,2.97800602311e-06,1.20510117085e-06,1.96407745534e-06,7.98742632924e-07,9.35365221721e-07,3.42524117514e-07,2.07801193142e-07,6.03314447289e-08,1.04695224934e-07,1.09218447619e-07,7.93820760236e-08,1.00595016761e-07,8.1941287533e-08,5.05076016566e-08,7.93992427361e-08,1.01093824867e-07],"max":[0.0299942027777,0.438903361559,0.143530666828,0.09598775208,0.080699570477,0.0523374974728,0.080097489059,0.0661592632532,0.0745920464396,0.0662147849798,0.0358229577541,0.0285124853253,0.0237591210753,0.0179169308394,0.0117257302627,0.0193877499551,0.00735933287069,0.00566788390279,0.00371219799854,0.00554515281692,0.00572954537347,0.00518521014601,0.00520559214056,0.00611903425306,0.00357468356378,0.00449977628887,0.00583086395636],"mean":[0.0017868623836,0.0247631613165,0.00542090041563,0.00292766676284,0.00559073174372,0.00252253306098,0.00158919359092,0.000949124572799,0.00149463291746,0.00106648239307,0.000423354969826,0.000415673595853,0.000277057813946,0.000297877413686,0.000273334298981,0.000279393425444,0.000231420432101,0.000147458122228,0.000113449132186,0.000107355859654,0.000132094166474,0.000111968445708,0.000120730539493,0.000145316967973,0.000135472189868,0.000112257854198,6.21179497102e-05],"median":[0.000576240476221,0.00899020396173,0.00102080137003,0.00078993657371,0.00222644628957,0.00107419956475,0.000519194523804,0.000205544492928,0.000183387746802,8.75876576174e-05,4.19492134824e-05,6.6608452471e-05,5.88760012761e-05,6.62793536321e-05,8.0861558672e-05,6.85422710376e-05,8.01613132353e-05,4.64807162643e-05,4.95265630889e-05,3.63587168977e-05,4.89230042149e-05,3.58003162546e-05,3.53464020009e-05,5.47619347344e-05,3.69878325728e-05,2.14845586015e-05,6.03834814683e-06],"min":[4.04216784899e-24,2.01869647641e-23,4.20987060554e-24,7.24194032516e-24,3.53442691479e-23,6.21158795537e-23,5.98369550619e-23,1.42271947781e-22,4.72613226304e-23,9.22173160167e-23,1.04092638757e-22,4.98579214088e-23,5.87755269367e-23,1.7211373541e-22,9.66324947726e-23,1.52438711397e-22,2.28725309599e-22,2.02184734464e-22,2.07215016466e-22,2.61515972887e-22,2.68852227845e-22,7.31986129169e-22,6.87927654389e-22,6.45356630488e-22,1.39936816003e-21,1.96158975632e-21,2.43928756981e-21],"var":[9.13932944968e-06,0.00217315275222,0.000103938138636,2.90138050332e-05,7.27977603674e-05,1.72990767169e-05,1.14737431431e-05,7.63300704421e-06,1.70226176124e-05,1.53598430188e-05,2.96737061944e-06,1.9160577267e-06,5.86562691751e-07,7.27372707843e-07,3.64682477993e-07,4.07600055041e-07,1.9697736775e-07,8.49308108286e-08,3.04255820538e-08,4.3728917376e-08,6.32866985484e-08,5.43664064878e-08,7.7957530209e-08,8.87075444211e-08,6.52568274973e-08,5.34067012836e-08,4.30556710285e-08]},"barkbands_crest":{"dmean":3.87714529037,"dmean2":6.32291889191,"dvar":11.7629518509,"dvar2":27.5024089813,"max":26.482711792,"mean":13.2543792725,"median":12.4520139694,"min":2.6522526741,"var":27.5079116821},"barkbands_flatness_db":{"dmean":0.0437521636486,"dmean2":0.0643083080649,"dvar":0.00155415164772,"dvar2":0.00326813198626,"max":0.593329668045,"mean":0.173325687647,"median":0.160310298204,"min":0.0242545232177,"var":0.00617257552221},"barkbands_kurtosis":{"dmean":21.1193733215,"dmean2":33.8251037598,"dvar":6099.20214844,"dvar2":15496.4667969,"max":1402.33776855,"mean":26.5045852661,"median":8.18744277954,"min":-1.9360460043,"var":7131.91357422},"barkbands_skewness":{"dmean":1.42576050758,"dmean2":2.14882540703,"dvar":3.99062991142,"dvar2":8.53577232361,"max":30.7776260376,"mean":3.15823030472,"median":2.56994175911,"min":-2.74307870865,"var":8.56736564636},"barkbands_spread":{"dmean":8.76008796692,"dmean2":13.7970371246,"dvar":130.448028564,"dvar2":304.779296875,"max":113.342544556,"mean":17.2766876221,"median":12.5293979645,"min":0.117756828666,"var":273.90826416},"dissonance":{"dmean":0.025946315378,"dmean2":0.0427869223058,"dvar":0.000769691367168,"dvar2":0.00198426912539,"max":0.500000178814,"mean":0.450329124928,"median":0.461321294308,"min":0.181827828288,"var":0.00162288011052},"dynamic_complexity":3.68808960915,"erbbands":{"dmean":[0.827716827393,4.62869596481,6.37931966782,7.05814123154,9.5988779068,14.0950479507,16.9456977844,13.8495082855,16.5799331665,20.0798053741,18.9941883087,22.4650249481,28.6867542267,24.6341876984,14.2360277176,11.7014560699,10.3383731842,15.2707929611,11.7916412354,12.7226142883,15.9250640869,9.95742702484,7.85862874985,5.47455453873,4.88200950623,4.24013900757,4.96754646301,3.50732803345,2.99511861801,2.89937567711,2.35140061378,1.68878495693,1.67159974575,1.03819561005,0.647794425488,0.377226442099,0.158458203077,0.0608378313482,0.0113650867715,0.000407592655392],"dmean2":[1.36676263809,7.71440839767,10.824640274,11.9970521927,16.0390110016,22.0051631927,27.4194831848,22.8337860107,27.0898342133,33.2959785461,30.5713710785,34.7522315979,46.1106071472,39.8017234802,23.4121551514,19.3167266846,16.9956073761,26.1140480042,19.1719455719,20.4070453644,26.5834217072,16.0869617462,12.654291153,9.01491069794,7.92319869995,7.07362937927,8.11943721771,5.65092992783,4.64622211456,4.50794410706,3.52146100998,2.47875761986,2.50934314728,1.57196414471,0.990221738815,0.597604453564,0.238150581717,0.0918937772512,0.0174927804619,0.000626278168056],"dvar":[2.98087477684,103.009376526,209.016525269,232.45463562,409.309661865,695.81842041,1195.1072998,683.750610352,1904.3013916,2954.1706543,3389.41430664,4547.26318359,7348.99853516,7556.42333984,2184.64086914,1063.51794434,980.677856445,2017.89624023,877.535705566,1164.82299805,1173.30065918,377.885162354,237.315917969,96.6790466309,84.8599700928,78.6356124878,93.8432388306,61.0793914795,50.5938606262,59.1980247498,28.4851875305,11.5320529938,14.7230472565,4.14376831055,1.17995369434,0.472922503948,0.130734682083,0.0392310507596,0.00149484002031,1.37665585953e-06],"dvar2":[7.66867256165,260.220489502,568.737792969,633.844726562,1114.38891602,1504.13000488,3091.86962891,1766.46936035,4783.42529297,7763.16796875,8030.56542969,10663.7685547,17594.8125,19635.7792969,6040.12060547,2829.12573242,2501.29003906,5761.63476562,2233.86743164,2747.91259766,2963.16381836,935.136108398,573.868530273,251.276763916,206.091064453,202.171630859,226.465896606,139.496383667,115.548301697,141.212997437,60.6110839844,22.9795055389,33.538433075,8.66890239716,2.53914642334,1.12422478199,0.286609232426,0.095657505095,0.00361711345613,3.16496743835e-06],"max":[13.1321125031,96.2101211548,151.486618042,240.450180054,326.335784912,478.878112793,771.767456055,413.754058838,1119.39855957,1036.90527344,1470.11132812,1934.56481934,1355.08239746,1927.50524902,1207.61096191,706.111450195,1320.45349121,1163.2142334,608.135375977,1119.74291992,743.721496582,441.522613525,248.581161499,140.677780151,247.599258423,229.079940796,268.042358398,266.626190186,170.545349121,222.584838867,101.953262329,73.50415802,124.357330322,54.9605369568,18.8621330261,13.417386055,8.82793426514,5.76612567902,1.06510925293,0.0295109115541],"mean":[0.870019316673,4.89179420471,6.97937870026,8.50846004486,12.8905382156,19.8201026917,23.0623874664,19.8822593689,22.3041362762,22.9005641937,22.0618495941,28.8860015869,34.9932823181,31.8428077698,19.1908855438,14.8737716675,12.506480217,16.3129844666,13.287358284,14.1620426178,16.8480052948,12.5559616089,9.11024951935,6.13887214661,6.09213685989,4.84006404877,5.63949632645,4.40146017075,4.03526639938,3.99575829506,3.42005896568,2.73520898819,2.56340837479,1.58859932423,0.932461023331,0.482491642237,0.204585954547,0.0677749738097,0.0114019429311,0.000431443826528],"median":[0.282619208097,1.39854967594,1.54216301441,2.42367601395,4.21868228912,6.53966903687,8.44432067871,9.15600967407,8.41450977325,6.40952014923,5.13439655304,3.97294616699,4.01979637146,3.15864300728,2.71286273003,2.82648921013,2.75228357315,3.66863274574,4.19156694412,4.23135089874,4.47331142426,4.7278585434,3.40262079239,2.33441972733,2.64535570145,1.67336893082,2.08021688461,1.35532474518,1.21535861492,1.27424478531,0.990200340748,0.961260259151,0.971149086952,0.506058752537,0.197355344892,0.0985192507505,0.0369803719223,0.00813472643495,0.00119484565221,9.31718750508e-05],"min":[1.02391399e-21,2.97389120892e-21,3.41913975288e-21,1.59249780881e-20,5.64097757435e-20,1.4437160632e-19,1.4630161256e-19,6.60999872395e-19,9.28001935104e-19,1.67193839953e-18,2.66645061897e-18,1.23879457755e-18,1.67676654937e-18,4.25857105247e-18,3.57626202522e-18,1.75922890842e-18,2.90017277579e-18,6.91349697756e-18,6.4653081878e-18,6.98330109509e-18,9.99114404211e-18,1.27990475089e-17,1.23503557933e-17,6.65998928087e-18,1.14032199299e-17,1.37838664123e-17,1.12493618544e-17,1.3696746923e-17,2.38331777951e-17,2.48896214406e-17,1.9319800786e-17,1.53800172834e-17,1.05993931076e-17,1.3792177096e-17,1.05055238245e-17,7.35910165508e-18,3.86667479853e-18,1.28682678437e-18,3.63426506715e-19,3.35435309322e-20],"var":[2.79723858833,93.7870254517,170.450195312,210.509475708,485.154571533,1413.56433105,1938.19421387,947.859924316,2401.57495117,3014.09643555,3817.44628906,6762.45605469,10716.1845703,12579.7060547,3877.19335938,1727.66894531,1260.36425781,2359.30957031,926.750061035,1340.25964355,1268.58813477,514.651977539,263.206512451,99.2041091919,108.141265869,84.0409393311,118.766403198,82.3236999512,71.3386383057,85.6392364502,59.5902328491,29.7697601318,30.1389122009,10.6807260513,2.70441246033,0.750279247761,0.210477545857,0.0447290837765,0.00145981740206,1.45626256653e-06]},"erbbands_crest":{"dmean":3.44240283966,"dmean2":5.53161716461,"dvar":11.0743112564,"dvar2":25.7553768158,"max":31.606918335,"mean":9.80798339844,"median":8.41302490234,"min":2.10147809982,"var":28.2965583801},"erbbands_flatness_db":{"dmean":0.0305112302303,"dmean2":0.0422175936401,"dvar":0.000834546808619,"dvar2":0.00153210980352,"max":0.372648358345,"mean":0.134407371283,"median":0.128395870328,"min":0.0265671927482,"var":0.00324731436558},"erbbands_kurtosis":{"dmean":2.43365836143,"dmean2":3.81079006195,"dvar":23.0624332428,"dvar2":49.0888710022,"max":151.142028809,"mean":2.05935382843,"median":0.264865875244,"min":-1.88227665424,"var":39.3483123779},"erbbands_skewness":{"dmean":0.639858782291,"dmean2":0.970145106316,"dvar":0.420671582222,"dvar2":0.869407474995,"max":10.5519132614,"mean":0.795031130314,"median":0.712356686592,"min":-4.16593790054,"var":1.29989790916},"erbbands_spread":{"dmean":15.4629745483,"dmean2":22.6985683441,"dvar":258.137054443,"dvar2":522.93347168,"max":196.384338379,"mean":48.1435661316,"median":43.0762023926,"min":2.02424812317,"var":884.022460938},"gfcc":{"cov":[[17239.2910156,48.4137382507,384.063598633,-256.92098999,-542.636535645,-421.224243164,-354.542388916,64.7861328125,-229.057113647,-150.09866333,-576.631713867,-189.708206177,-414.329681396],[48.4137382507,2375.54980469,-251.229171753,-78.9401397705,88.4394226074,-258.279907227,75.5076446533,-37.9468307495,78.1515197754,-159.479522705,87.9777603149,-229.042770386,66.3054351807],[384.063598633,-251.229171753,1160.45910645,405.81427002,212.303939819,183.167388916,96.8251495361,29.0567150116,59.2461624146,69.2706832886,8.66292953491,24.2740058899,-52.7812232971],[-256.92098999,-78.9401397705,405.81427002,688.008789062,326.520141602,90.8943634033,60.4395599365,1.08540225029,73.1321792603,77.7077941895,37.1418914795,-9.79570007324,21.8215065002],[-542.636535645,88.4394226074,212.303939819,326.520141602,511.31729126,151.926742554,176.168869019,54.5757827759,90.9377288818,87.5925216675,48.1288490295,10.8533983231,30.4635448456],[-421.224243164,-258.279907227,183.167388916,90.8943634033,151.926742554,364.99697876,213.488357544,88.1471176147,52.3214225769,79.9058761597,57.8037872314,82.3894424438,-4.0343132019],[-354.542388916,75.5076446533,96.8251495361,60.4395599365,176.168869019,213.488357544,362.6590271,121.568161011,63.7924766541,73.3238983154,79.2393112183,49.1115684509,10.798743248],[64.7861328125,-37.9468307495,29.0567150116,1.08540225029,54.5757827759,88.1471176147,121.568161011,150.746322632,61.3524780273,39.5121765137,11.0484132767,36.9929885864,-1.05566060543],[-229.057113647,78.1515197754,59.2461624146,73.1321792603,90.9377288818,52.3214225769,63.7924766541,61.3524780273,163.661697388,63.1860656738,18.5372276306,8.65817260742,18.7740097046],[-150.09866333,-159.479522705,69.2706832886,77.7077941895,87.5925216675,79.9058761597,73.3238983154,39.5121765137,63.1860656738,133.988372803,35.8250541687,35.4261283875,1.35994517803],[-576.631713867,87.9777603149,8.66292953491,37.1418914795,48.1288490295,57.8037872314,79.2393112183,11.0484132767,18.5372276306,35.8250541687,119.409683228,31.9785556793,28.4485473633],[-189.708206177,-229.042770386,24.2740058899,-9.79570007324,10.8533983231,82.3894424438,49.1115684509,36.9929885864,8.65817260742,35.4261283875,31.9785556793,104.045684814,26.0324878693],[-414.329681396,66.3054351807,-52.7812232971,21.8215065002,30.4635448456,-4.0343132019,10.798743248,-1.05566060543,18.7740097046,1.35994517803,28.4485473633,26.0324878693,89.4548873901]],"icov":[[8.08373006294e-05,-4.83815856569e-05,-3.51811686414e-05,-2.57930169028e-05,6.78464930388e-05,5.99041450187e-05,1.50032622059e-06,-0.000118064774142,0.000122707846458,-0.000108101172373,0.000372503331164,-0.000121154618682,0.000266517046839],[-4.83815856569e-05,0.000885113840923,3.89427150367e-05,0.00025276519591,-0.00030142563628,0.000505662872456,-0.000518052838743,7.15765272616e-05,-0.000766072655097,0.00119628850371,-0.00134848779999,0.0019797810819,-0.00073469907511],[-3.51811686414e-05,3.89427150367e-05,0.00123990920838,-0.000693392881658,-3.24602369801e-05,-0.000384738668799,-6.84377446305e-05,0.000236672785832,-0.000287834176561,0.000198409223231,2.11384831346e-05,-0.000343095423887,0.000864188827109],[-2.57930169028e-05,0.00025276519591,-0.000693392881658,0.0027014289517,-0.0014752302086,6.98566291248e-05,0.000362595135812,0.000320893304888,-0.000338079466019,-0.000279837113339,-0.000804528186563,0.00135270517785,-0.000971965899225],[6.78464930388e-05,-0.00030142563628,-3.24602369801e-05,-0.0014752302086,0.00374335469678,-0.000643852516077,-0.00100768171251,-3.01863838104e-06,-0.00018123787595,-0.0011312632123,0.000944213068578,0.000185833137948,-0.00060295854928],[5.99041450187e-05,0.000505662872456,-0.000384738668799,6.98566291248e-05,-0.000643852516077,0.00575357070193,-0.00253453548066,-0.000186438599485,-0.000530359800905,0.000219848399865,-0.00065537111368,-0.00207759579644,0.00136210082565],[1.50032622059e-06,-0.000518052838743,-6.84377446305e-05,0.000362595135812,-0.00100768171251,-0.00253453548066,0.00640135072172,-0.00338361505419,0.000855525257066,-0.0010382081382,-0.00187642883975,4.01000907004e-05,9.95891969069e-05],[-0.000118064774142,7.15765272616e-05,0.000236672785832,0.000320893304888,-3.01863838104e-06,-0.000186438599485,-0.00338361505419,0.0115213571116,-0.0036250972189,0.000288639013888,0.0015364929568,-0.00298696849495,0.00113553775009],[0.000122707846458,-0.000766072655097,-0.000287834176561,-0.000338079466019,-0.00018123787595,-0.000530359800905,0.000855525257066,-0.0036250972189,0.00999272242188,-0.00464801536873,0.00146850745659,0.000630769180134,-0.00173654372338],[-0.000108101172373,0.00119628850371,0.000198409223231,-0.000279837113339,-0.0011312632123,0.000219848399865,-0.0010382081382,0.000288639013888,-0.00464801536873,0.013271198608,-0.00375694804825,-0.000652447284665,0.00148021418136],[0.000372503331164,-0.00134848779999,2.11384831346e-05,-0.000804528186563,0.000944213068578,-0.00065537111368,-0.00187642883975,0.0015364929568,0.00146850745659,-0.00375694804825,0.0148213487118,-0.00482500949875,-0.000733323162422],[-0.000121154618682,0.0019797810819,-0.000343095423887,0.00135270517785,0.000185833137948,-0.00207759579644,4.01000907004e-05,-0.00298696849495,0.000630769180134,-0.000652447284665,-0.00482500949875,0.0200759340078,-0.00718843983486],[0.000266517046839,-0.00073469907511,0.000864188827109,-0.000971965899225,-0.00060295854928,0.00136210082565,9.95891969069e-05,0.00113553775009,-0.00173654372338,0.00148021418136,-0.000733323162422,-0.00718843983486,0.0166400484741]],"mean":[-22.0465888977,77.9995269775,-74.275428772,27.8402805328,-44.2952156067,11.4398431778,-37.2008972168,8.95767116547,-17.3388671875,4.91650152206,-12.4214372635,3.90928506851,-6.14317846298]},"hfc":{"dmean":10.8556785583,"dmean2":15.8816795349,"dvar":224.558914185,"dvar2":508.82711792,"max":239.156784058,"mean":20.1174526215,"median":14.1330184937,"min":1.18408112125e-16,"var":432.999633789},"melbands":{"dmean":[0.00676984153688,0.00417067995295,0.00126769475173,0.000829555501696,0.000606122193858,0.00031646550633,0.000253011414316,0.000212857557926,0.000154036883032,0.000156875612447,0.000147809274495,0.000107814019429,5.1114056987e-05,4.21884215029e-05,2.19940775423e-05,2.65048383881e-05,2.87351449515e-05,1.95461416297e-05,1.7730260879e-05,1.55567904585e-05,1.95573502424e-05,1.06572369987e-05,9.27097062231e-06,6.59527267999e-06,4.30385443906e-06,3.86463807445e-06,3.54918233825e-06,2.65530343313e-06,3.41791769642e-06,2.68947269433e-06,1.84221892141e-06,1.76497837856e-06,1.56222279202e-06,1.76790274509e-06,1.53364487687e-06,1.00437296169e-06,1.10709152068e-06,1.25630776893e-06,1.07498703983e-06,8.45969225338e-07],"dmean2":[0.0111167794093,0.00685359165072,0.00214072293602,0.00133242097218,0.000964146282058,0.000522545771673,0.000412499910453,0.00035262669553,0.000246414594585,0.000243608665187,0.000237752465182,0.000174432469066,8.51277800393e-05,6.95954659022e-05,3.61495294783e-05,4.47541060566e-05,4.93869592901e-05,3.20793187711e-05,2.86812937702e-05,2.53947782767e-05,3.30504481099e-05,1.72762102011e-05,1.49785319081e-05,1.08962076411e-05,7.14198495189e-06,6.33230092717e-06,5.8350733525e-06,4.50976449429e-06,5.67348843106e-06,4.3755153456e-06,2.99652378999e-06,2.77225103673e-06,2.42558621721e-06,2.79143955595e-06,2.31971421272e-06,1.47434104747e-06,1.64829316418e-06,1.92833613255e-06,1.63123263519e-06,1.29304066832e-06],"dvar":[0.000202842449653,8.08421536931e-05,7.35435742172e-06,2.25869916903e-06,1.26806617118e-06,3.51932555986e-07,4.17963008204e-07,3.48367223069e-07,2.2986110082e-07,2.08337823437e-07,1.96066281433e-07,1.58357266855e-07,3.73665116626e-08,2.11911661552e-08,3.65161523241e-09,5.94701976553e-09,7.20862658454e-09,2.81004930436e-09,1.65183100531e-09,1.80367532021e-09,1.82576065377e-09,5.46199752094e-10,3.30758198608e-10,1.93768251444e-10,6.18420453735e-11,4.69809330328e-11,6.73044397992e-11,3.46456301148e-11,5.45936802709e-11,2.92415328063e-11,1.90159728242e-11,1.82576957025e-11,1.55596022178e-11,2.4199742904e-11,1.24052391623e-11,4.70115829945e-12,4.89598856249e-12,9.32956229632e-12,5.40579343442e-12,2.76053962675e-12],"dvar2":[0.000513757404406,0.000209117235499,2.00060530915e-05,5.58979218113e-06,3.13799841933e-06,9.16351666547e-07,1.04920968624e-06,9.18681450912e-07,5.4466659094e-07,4.98678957683e-07,4.75894836427e-07,4.14075145727e-07,1.05100880887e-07,5.4595396648e-08,9.48741263329e-09,1.63771769479e-08,2.05086827521e-08,7.25731075235e-09,4.02243260922e-09,4.20258228218e-09,4.70377559125e-09,1.36470590384e-09,7.72808150806e-10,4.95774754583e-10,1.61905253093e-10,1.11925663182e-10,1.72475839166e-10,8.95079912966e-11,1.34255787043e-10,6.82366663174e-11,4.42521436161e-11,4.23769838664e-11,3.7043611234e-11,5.9148630438e-11,2.69764696692e-11,9.88390359141e-12,1.01051320089e-11,2.20890302577e-11,1.21819030557e-11,5.8426822408e-12],"max":[0.125141531229,0.0768111497164,0.0419271364808,0.0219871904701,0.0215695984662,0.00919506791979,0.0173425320536,0.0113052492961,0.0125523228198,0.0109659144655,0.00769203249365,0.0086977975443,0.00536795007065,0.00402919109911,0.00188097520731,0.0022833426483,0.00197386951186,0.00100754504092,0.000821776571684,0.00179749482777,0.000826595933177,0.000596434634645,0.000509956909809,0.000299898732919,0.00011224627815,0.000226582036703,0.000273756159004,0.000145798418089,0.000242931433604,0.000171084553585,0.000140897522215,0.00012087727373,8.94359327503e-05,0.000157747490448,7.89263431216e-05,4.63404721813e-05,4.98960762343e-05,9.11013048608e-05,7.32506450731e-05,4.18121853727e-05],"mean":[0.0073288907297,0.00472176261246,0.00161568366457,0.00117008644156,0.000850614684168,0.000447131344117,0.000340692145983,0.000236439460423,0.000179971277248,0.000196026565391,0.000179065420525,0.000136721457238,6.61711019347e-05,5.18188644492e-05,2.73737496173e-05,2.99309958791e-05,2.918600876e-05,2.05771139008e-05,1.9931292627e-05,1.67955222423e-05,2.00601170945e-05,1.26769818962e-05,1.10752953333e-05,6.83038888383e-06,4.64764934804e-06,4.64318236482e-06,4.16928651248e-06,2.87889474748e-06,3.69334725292e-06,3.07705931846e-06,2.29694251175e-06,2.2453832571e-06,2.18759146264e-06,2.27252735385e-06,2.10216103369e-06,1.51793858549e-06,1.74901310857e-06,1.81496432106e-06,1.63402262388e-06,1.22964320326e-06],"median":[0.00263303797692,0.00123255117796,0.00047609640751,0.000415723479819,0.000311470648739,0.000199064612389,0.000130172440549,6.44851170364e-05,3.39218022418e-05,2.42882815655e-05,1.86944416782e-05,1.11253575596e-05,7.86758937465e-06,7.66235461924e-06,5.21864558323e-06,6.14534474153e-06,6.32978662907e-06,5.74480009163e-06,5.7466600083e-06,4.1267026063e-06,5.02693274029e-06,4.05191258324e-06,4.16130706071e-06,2.08615483643e-06,1.68024450886e-06,2.05219953386e-06,1.49029983731e-06,8.06823550192e-07,1.24601945117e-06,9.71248823589e-07,6.39032180061e-07,6.34828325019e-07,6.88256250214e-07,6.65165202918e-07,5.72684371036e-07,4.69747476473e-07,6.04400952398e-07,6.76842432767e-07,5.93009417571e-07,3.47843439386e-07],"min":[7.46460814857e-24,2.35308550279e-24,3.54093943488e-24,7.72551442664e-24,5.32225165103e-24,1.41918080556e-23,1.46071906538e-23,2.29106711224e-23,1.92984928147e-23,6.81727204519e-24,8.79049637021e-24,1.76342992272e-23,1.42194623635e-23,4.96723821128e-24,5.68513673934e-24,6.66407367967e-24,1.43206195751e-23,1.10380707408e-23,9.24565806847e-24,9.16250187387e-24,1.29271086189e-23,1.37978288314e-23,1.45112762118e-23,6.42280727713e-24,5.02219736168e-24,8.32899223027e-24,8.95362649452e-24,8.73318956975e-24,7.04119100199e-24,6.20148682814e-24,8.6148557008e-24,1.30019636302e-23,1.32263377598e-23,1.37500617259e-23,1.07804642679e-23,1.17689558916e-23,7.89513529848e-24,6.40788045108e-24,1.00904776109e-23,1.19750087266e-23],"var":[0.000192805266124,7.37308146199e-05,6.9957368396e-06,3.64500488104e-06,2.24061773224e-06,4.82421853576e-07,5.28207749539e-07,3.46961087416e-07,2.68031129735e-07,3.07088640739e-07,2.93521537742e-07,2.63493035391e-07,6.40624904236e-08,3.47122721678e-08,6.01919536436e-09,7.47769934861e-09,7.70059216393e-09,2.76380140996e-09,1.80666959171e-09,2.10323158889e-09,1.85953541454e-09,7.1314315564e-10,4.31199076445e-10,1.84335810505e-10,6.14808898236e-11,6.16167811218e-11,6.97284174844e-11,3.58489037067e-11,6.28515781087e-11,3.77536162055e-11,2.51782882738e-11,2.3773238586e-11,2.26484924565e-11,3.17498180524e-11,2.45948348493e-11,1.03882197983e-11,1.22951735598e-11,1.64973572997e-11,1.22568240279e-11,6.76148243298e-12]},"melbands_crest":{"dmean":4.52635908127,"dmean2":7.20971441269,"dvar":15.7335557938,"dvar2":37.3841896057,"max":39.4194068909,"mean":18.1534881592,"median":17.0592823029,"min":1.56460249424,"var":50.1030464172},"melbands_flatness_db":{"dmean":0.0517848916352,"dmean2":0.0758077204227,"dvar":0.00218958198093,"dvar2":0.00451890099794,"max":0.723611116409,"mean":0.26698499918,"median":0.256980657578,"min":0.00115369376726,"var":0.00873466953635},"melbands_kurtosis":{"dmean":44.1481246948,"dmean2":68.2582626343,"dvar":15355.296875,"dvar2":34917.4257812,"max":3358.46508789,"mean":63.543800354,"median":23.6569633484,"min":-1.80592679977,"var":27426.9101562},"melbands_skewness":{"dmean":1.85600233078,"dmean2":2.80061793327,"dvar":5.73266649246,"dvar2":11.9238529205,"max":44.1096572876,"mean":4.69370222092,"median":3.84116578102,"min":-1.22170472145,"var":16.7192974091},"melbands_spread":{"dmean":7.75507926941,"dmean2":12.3968753815,"dvar":228.258270264,"dvar2":494.542785645,"max":241.88130188,"mean":14.3723211288,"median":9.23041057587,"min":0.0685493350029,"var":407.345977783},"mfcc":{"cov":[[12923.71875,496.271331787,131.349838257,51.922958374,-355.232055664,-418.782226562,-399.829620361,-84.928276062,-69.6112365723,-39.7573013306,63.1623802185,-294.471160889,-466.30355835],[496.271331787,1983.58203125,-185.952148438,38.0935554504,-59.636932373,-191.232284546,-12.0114736557,-8.04979038239,-33.4169921875,65.1102218628,-0.29658806324,-81.0705718994,-124.538345337],[131.349838257,-185.952148438,838.209106445,182.124725342,147.849472046,154.787963867,56.4388504028,71.035369873,9.78817558289,27.5962123871,61.2420539856,2.19066762924,-22.0429115295],[51.922958374,38.0935554504,182.124725342,584.926757812,278.41204834,146.305999756,69.9915618896,3.28552174568,53.1985778809,67.9855651855,24.9610996246,11.9204339981,20.0433769226],[-355.232055664,-59.636932373,147.849472046,278.41204834,354.100250244,166.311401367,47.5713729858,22.3561592102,56.0212249756,59.1061058044,5.09438657761,35.1447105408,47.6561470032],[-418.782226562,-191.232284546,154.787963867,146.305999756,166.311401367,319.572937012,172.177825928,89.880607605,89.3165359497,66.7343902588,78.6500091553,79.1856613159,86.2851638794],[-399.829620361,-12.0114736557,56.4388504028,69.9915618896,47.5713729858,172.177825928,290.908203125,124.758857727,54.3464775085,52.9168586731,58.0273208618,66.5941238403,66.0330123901],[-84.928276062,-8.04979038239,71.035369873,3.28552174568,22.3561592102,89.880607605,124.758857727,181.76600647,83.2425308228,46.8812408447,63.5632553101,44.0490112305,35.0976753235],[-69.6112365723,-33.4169921875,9.78817558289,53.1985778809,56.0212249756,89.3165359497,54.3464775085,83.2425308228,156.987106323,65.4291687012,47.0815315247,44.0725822449,48.0605812073],[-39.7573013306,65.1102218628,27.5962123871,67.9855651855,59.1061058044,66.7343902588,52.9168586731,46.8812408447,65.4291687012,120.90045166,63.2245025635,19.4350776672,20.6104240417],[63.1623802185,-0.29658806324,61.2420539856,24.9610996246,5.09438657761,78.6500091553,58.0273208618,63.5632553101,47.0815315247,63.2245025635,134.045288086,40.9953765869,8.61534500122],[-294.471160889,-81.0705718994,2.19066762924,11.9204339981,35.1447105408,79.1856613159,66.5941238403,44.0490112305,44.0725822449,19.4350776672,40.9953765869,104.611915588,70.67137146],[-466.30355835,-124.538345337,-22.0429115295,20.0433769226,47.6561470032,86.2851638794,66.0330123901,35.0976753235,48.0605812073,20.6104240417,8.61534500122,70.67137146,145.283172607]],"icov":[[9.39998863032e-05,-2.27359601013e-06,-1.33223347802e-05,-7.40617178963e-05,0.000106834762846,2.62283447228e-05,9.55009381869e-05,-4.76613386127e-05,-6.32382871117e-05,1.92881179828e-05,-9.25496642594e-05,9.84907892416e-05,0.000201199174626],[-2.27359601013e-06,0.000612085103057,0.000132054541609,-0.000112453737529,-4.7720168368e-05,0.000486102158902,-0.000252664234722,-9.85927254078e-05,0.000110077104182,-0.000533936312422,-1.16243954835e-05,0.000113220012281,0.000403494981583],[-1.33223347802e-05,0.000132054541609,0.00154250173364,-0.0002849950979,-0.000325052882545,-0.000638337398414,0.000266699382337,-0.00078902754467,0.000629248679616,0.000180015224032,-0.000443018303486,0.000339267484378,0.000526468327735],[-7.40617178963e-05,-0.000112453737529,-0.0002849950979,0.00307126389816,-0.00231102341786,6.71638917993e-05,-0.00086541211931,0.00118475744966,-0.000584054505453,-0.000153550703544,-0.000453169865068,0.000611241208389,-3.12231895805e-05],[0.000106834762846,-4.7720168368e-05,-0.000325052882545,-0.00231102341786,0.00633381213993,-0.00272280932404,0.00161429867148,-0.000578265753575,0.000182420946658,-0.00197815732099,0.0026806355454,-0.00117969943676,0.000152127468027],[2.62283447228e-05,0.000486102158902,-0.000638337398414,6.71638917993e-05,-0.00272280932404,0.00834799185395,-0.0035158561077,0.000936788565014,-0.00172348855995,0.000494130363222,-0.00287201348692,-0.000364491716027,-0.00145071092993],[9.55009381869e-05,-0.000252664234722,0.000266699382337,-0.00086541211931,0.00161429867148,-0.0035158561077,0.00735296262428,-0.00414231931791,0.00206248625182,-0.00126896926668,0.00112227990758,-0.00145996070933,-0.00039157026913],[-4.76613386127e-05,-9.85927254078e-05,-0.00078902754467,0.00118475744966,-0.000578265753575,0.000936788565014,-0.00414231931791,0.011060600169,-0.00466435030103,0.000686270534061,-0.00250114290975,1.39050471262e-05,-8.94406111911e-05],[-6.32382871117e-05,0.000110077104182,0.000629248679616,-0.000584054505453,0.000182420946658,-0.00172348855995,0.00206248625182,-0.00466435030103,0.0116358110681,-0.0043191537261,0.000722106371541,-0.00169329938944,-0.00123501219787],[1.92881179828e-05,-0.000533936312422,0.000180015224032,-0.000153550703544,-0.00197815732099,0.000494130363222,-0.00126896926668,0.000686270534061,-0.0043191537261,0.0150591246784,-0.00644290354103,0.00290018925443,-0.00131714844611],[-9.25496642594e-05,-1.16243954835e-05,-0.000443018303486,-0.000453169865068,0.0026806355454,-0.00287201348692,0.00112227990758,-0.00250114290975,0.000722106371541,-0.00644290354103,0.0143051175401,-0.00536794634536,0.00304685393348],[9.84907892416e-05,0.000113220012281,0.000339267484378,0.000611241208389,-0.00117969943676,-0.000364491716027,-0.00145996070933,1.39050471262e-05,-0.00169329938944,0.00290018925443,-0.00536794634536,0.0183132234961,-0.00679724570364],[0.000201199174626,0.000403494981583,0.000526468327735,-3.12231895805e-05,0.000152127468027,-0.00145071092993,-0.00039157026913,-8.94406111911e-05,-0.00123501219787,-0.00131714844611,0.00304685393348,-0.00679724570364,0.0126913897693]],"mean":[-680.256103516,119.997123718,26.3763084412,24.4594993591,17.1860637665,5.40795660019,-0.350716799498,1.74360442162,2.41026520729,1.94251000881,-0.993750631809,2.30169487,0.899221837521]},"pitch_salience":{"dmean":0.106708757579,"dmean2":0.172389596701,"dvar":0.00962637830526,"dvar2":0.0229502618313,"max":0.986045837402,"mean":0.495886653662,"median":0.51624161005,"min":0.0391111075878,"var":0.0254874248058},"silence_rate_20dB":{"dmean":0.000158704962814,"dmean2":0.000317435129546,"dvar":0.00015865561727,"dvar2":0.00047595531214,"max":1,"mean":0.999920666218,"median":1,"min":0,"var":7.93338549556e-05},"silence_rate_30dB":{"dmean":0.100618951023,"dmean2":0.20125387609,"dvar":0.0904997438192,"dvar2":0.170441448689,"max":1,"mean":0.878679692745,"median":1,"min":0,"var":0.106609031558},"silence_rate_60dB":{"dmean":0.0226948112249,"dmean2":0.0453932210803,"dvar":0.022182630375,"dvar2":0.0534970983863,"max":1,"mean":0.0755375698209,"median":0,"min":0,"var":0.0698317065835},"spectral_centroid":{"dmean":338.883178711,"dmean2":526.35559082,"dvar":174078.21875,"dvar2":367187.0625,"max":10971.2021484,"mean":998.579711914,"median":819.118408203,"min":76.5053634644,"var":476452.65625},"spectral_complexity":{"dmean":4.70322179794,"dmean2":6.93071985245,"dvar":31.9092159271,"dvar2":66.7966384888,"max":54,"mean":12.851067543,"median":11,"min":0,"var":73.2897872925},"spectral_contrast_coeffs":{"dmean":[0.0559143200517,0.0548379607499,0.0497190393507,0.0398255474865,0.0320457927883,0.0224397089332],"dmean2":[0.0902567729354,0.0876602604985,0.0732908397913,0.0605018921196,0.0472433678806,0.0349684469402],"dvar":[0.00221941922791,0.00214710552245,0.00189343246166,0.00113669165876,0.000835845828988,0.000419327319833],"dvar2":[0.00549488188699,0.00523395650089,0.00371670722961,0.00244856625795,0.00160738569684,0.00097054685466],"max":[-0.202542930841,-0.38610970974,-0.418113470078,-0.477768659592,-0.568114697933,-0.634464085102],"mean":[-0.6583147645,-0.706206262112,-0.760665237904,-0.786743581295,-0.792916238308,-0.80364459753],"median":[-0.677991509438,-0.705543756485,-0.780930697918,-0.796807289124,-0.802622914314,-0.804149985313],"min":[-0.955499529839,-0.976567029953,-0.975433349609,-0.975755929947,-0.974773526192,-0.959494054317],"var":[0.0134082622826,0.00712285982445,0.00925062503666,0.00443656975403,0.00291885901242,0.00120704830624]},"spectral_contrast_valleys":{"dmean":[0.54021269083,0.57567435503,0.556360840797,0.597456097603,0.628350496292,0.59890216589],"dmean2":[0.826357424259,0.869075119495,0.817819654942,0.858662247658,0.856663346291,0.730523705482],"dvar":[0.330128490925,0.328831851482,0.31004229188,0.355486094952,0.381738334894,0.439326494932],"dvar2":[0.598445832729,0.683842599392,0.62007600069,0.715014696121,0.797961771488,0.834784090519],"max":[-4.53306484222,-4.32443761826,-4.96171474457,-5.51074838638,-5.82639741898,-7.60310459137],"mean":[-7.13906908035,-7.17610645294,-8.00688743591,-8.31245517731,-8.19864273071,-10.1143875122],"median":[-6.65359687805,-6.93598461151,-7.85812187195,-8.19176864624,-8.02495384216,-9.81488609314],"min":[-27.7525882721,-27.5844688416,-27.4023780823,-27.0822792053,-27.2220611572,-27.2475147247],"var":[2.96771478653,2.05257511139,1.660135746,1.48193514347,1.5737388134,1.89810395241]},"spectral_decrease":{"dmean":8.61403304242e-09,"dmean2":1.34959456943e-08,"dvar":2.24643910812e-16,"dvar2":5.35642354141e-16,"max":5.22320992773e-23,"mean":-1.31611352927e-08,"median":-8.42429415115e-09,"min":-1.2084731793e-07,"var":2.60051767362e-16},"spectral_energy":{"dmean":0.0332187861204,"dmean2":0.0519284196198,"dvar":0.00327224703506,"dvar2":0.00777634093538,"max":0.459301143885,"mean":0.0514978319407,"median":0.0334607921541,"min":1.07252294769e-20,"var":0.00383305246942},"spectral_energyband_high":{"dmean":0.000568292103708,"dmean2":0.000834829756059,"dvar":1.05347942281e-06,"dvar2":2.22570110964e-06,"max":0.0194666869938,"mean":0.000869740382768,"median":0.000321193889249,"min":7.94749235648e-21,"var":2.22120524995e-06},"spectral_energyband_low":{"dmean":0.02694526501,"dmean2":0.0434848964214,"dvar":0.00293862586841,"dvar2":0.00714013772085,"max":0.449259847403,"mean":0.0333162918687,"median":0.0136420773342,"min":3.08041632237e-23,"var":0.00309652928263},"spectral_energyband_middle_high":{"dmean":0.00228594476357,"dmean2":0.00361494766548,"dvar":1.70990206243e-05,"dvar2":4.41835363745e-05,"max":0.0719225853682,"mean":0.0034530479461,"median":0.00127439771313,"min":1.50347497935e-21,"var":3.54874282493e-05},"spectral_energyband_middle_low":{"dmean":0.0088320504874,"dmean2":0.0141589427367,"dvar":0.00016443154891,"dvar2":0.000423672259785,"max":0.130250439048,"mean":0.0152655253187,"median":0.0102841407061,"min":3.65677166813e-22,"var":0.000245967385126},"spectral_entropy":{"dmean":0.343108057976,"dmean2":0.488127142191,"dvar":0.109085254371,"dvar2":0.207681715488,"max":9.80628204346,"mean":7.43764829636,"median":7.48320627213,"min":4.65146350861,"var":0.381701856852},"spectral_flux":{"dmean":0.0582381114364,"dmean2":0.0935915708542,"dvar":0.00537040550262,"dvar2":0.0113365286961,"max":0.612082242966,"mean":0.122266866267,"median":0.0954435840249,"min":1.03562686204e-10,"var":0.00919392332435},"spectral_kurtosis":{"dmean":2.38111352921,"dmean2":3.54991412163,"dvar":13.7642650604,"dvar2":31.9219722748,"max":83.4364318848,"mean":5.23969936371,"median":4.08386230469,"min":-1.20012104511,"var":22.8613071442},"spectral_rms":{"dmean":0.00198397715576,"dmean2":0.00296484865248,"dvar":6.35836568108e-06,"dvar2":1.34803203764e-05,"max":0.0211683418602,"mean":0.00609500519931,"median":0.0057135517709,"min":3.23475491185e-12,"var":1.30926628117e-05},"spectral_rolloff":{"dmean":641.855285645,"dmean2":1099.53271484,"dvar":2346082.25,"dvar2":5231666.5,"max":19099.9511719,"mean":983.253967285,"median":409.130859375,"min":21.533203125,"var":3340981.5},"spectral_skewness":{"dmean":0.359890133142,"dmean2":0.521409034729,"dvar":0.164779931307,"dvar2":0.364004284143,"max":7.43986940384,"mean":1.8164460659,"median":1.73710680008,"min":-0.0167634282261,"var":0.412762999535},"spectral_spread":{"dmean":1164926.875,"dmean2":1624257.625,"dvar":1445240635390.0,"dvar2":2733423984640.0,"max":39475864,"mean":6025969.5,"median":5834678,"min":1149529.625,"var":5000637972480.0},"spectral_strongpeak":{"dmean":0.465495496988,"dmean2":0.77806353569,"dvar":0.563534855843,"dvar2":1.42170834541,"max":9.76910877228,"mean":0.714936137199,"median":0.375989615917,"min":0,"var":0.875447928905},"zerocrossingrate":{"dmean":0.0167826637626,"dmean2":0.0198828242719,"dvar":0.000412769848481,"dvar2":0.000522175745573,"max":0.5009765625,"mean":0.0523116849363,"median":0.04150390625,"min":0.00048828125,"var":0.00193781242706}},"metadata":{"audio_properties":{"analysis_sample_rate":44100,"bit_rate":320029,"codec":"mp3","downmix":"mix","equal_loudness":0,"length":292.597564697,"lossless":false,"md5_encoded":"29d3461affd6c53ca84719f3150446bc","replay_gain":-11.260263443,"sample_rate":44100},"tags":{"album":["Dj Beats Volume 8"],"albumartist":["Mastermix"],"artist":["Daft Punk"],"bpm":["116"],"composer":["Bangalter, de Homem-Christo, Pharrell Williams, Rodgers"],"contentgroup":["6"],"copyright":["2013 Mastermix"],"date":["2013"],"discnumber":["1"],"encodedby":["Intermezzo Music & Media Group -- Http://Intermezzogroup.Com"],"file_name":"copy4772436038269504492.mp3","genre":["Dance"],"initialkey":["Bm"],"musicbrainz_recordingid":["0347d102-b653-4c6c-a0b2-cc9a58c5c585"],"title":["Get Lucky"],"tracknumber":["1"]},"version":{"essentia":"2.1-beta2","essentia_build_sha":"cead25079874084f62182a551b7393616cd33d87","essentia_git_sha":"v2.1_beta2-1-ge3940c0","extractor":"music 1.0"}},"rhythm":{"beats_count":564,"beats_loudness":{"dmean":0.0633522421122,"dmean2":0.11220972985,"dvar":0.00244342442602,"dvar2":0.00754873501137,"max":0.328340798616,"mean":0.142391577363,"median":0.148785680532,"min":7.00293822931e-09,"var":0.00429655890912},"beats_loudness_band_ratio":{"dmean":[0.100462667644,0.0719842091203,0.0517715327442,0.0253268871456,0.0120461434126,0.0188484024256],"dmean2":[0.182258784771,0.133813202381,0.0939244031906,0.0463512726128,0.0215680543333,0.0356726013124],"dvar":[0.00728154880926,0.00676427362487,0.00887561496347,0.00255614076741,0.000324657157762,0.000441165728262],"dvar2":[0.0211228